PortNO
4
NumberOfApplication
4
PMList
PM_1,64,128,246.0,99.5,17,1
PM_2,128,256,422.0,111.0,17,1
PM_3,64,256,250.0,60.8,18,1
PM_4,112,384,672.0,121.0,18,1
PM_5,128,512,412.0,99.2,19,2
PM_6,64,128,246.0,99.5,19,2
PM_7,64,128,246.0,99.5,20,2
PM_8,112,384,672.0,121.0,20,2
PM_9,64,128,246.0,99.5,21,3
PM_10,56,192,347.0,48.3,21,3
PM_11,128,512,412.0,99.2,22,3
PM_12,64,128,246.0,99.5,22,3
PM_13,64,128,246.0,99.5,23,4
PM_14,128,512,412.0,99.2,23,4
PM_15,64,256,250.0,60.8,24,4
PM_16,64,128,246.0,99.5,24,4
EndPMList
Application 0
Critical
2
VMApp 0
16.0,32.0,m4.2xlarge_0
1.0,1.0,StandardB1s_1
EndVMApp 0
ConnectionVMApp 0
0,25
0,0
EndConnectionVMApp 0
Application 1
Normal
11
VMApp 1
1.0,2.0,StandardB1ms_0
16.0,32.0,m4.2xlarge_1
2.0,4.0,StandardB2s_2
4.0,8.0,m4.large_3
20.0,80.0,StandardB20ms_4
8.0,16.0,m4.xlarge_5
8.0,32.0,StandardB8ms_6
8.0,16.0,m4.xlarge_7
4.0,16.0,StandardB4ms_8
1.0,1.0,StandardB1s_9
16.0,32.0,m4.2xlarge_10
EndVMApp 1
ConnectionVMApp 1
0,70,0,0,0,42,0,8,83,0,53
0,0,46,0,0,91,0,0,64,0,0
0,0,0,0,0,0,39,0,94,0,47
0,0,0,0,89,8,0,0,83,0,0
0,0,0,0,0,0,78,0,0,34,0
0,0,0,0,0,0,0,0,0,0,2
0,0,0,0,0,0,0,0,43,0,66
0,0,0,0,0,0,0,0,0,91,0
0,0,0,0,0,0,0,0,0,0,36
0,0,0,0,0,0,0,0,0,0,89
0,0,0,0,0,0,0,0,0,0,0
EndConnectionVMApp 1
Application 2
Critical
11
VMApp 2
4.0,8.0,m4.large_0
8.0,32.0,StandardB8ms_1
12.0,48.0,StandardB12ms_2
1.0,1.0,StandardB1s_3
2.0,8.0,StandardB2ms_4
20.0,80.0,StandardB20ms_5
12.0,48.0,StandardB12ms_6
16.0,64.0,StandardB16ms_7
8.0,32.0,StandardB8ms_8
4.0,8.0,m4.large_9
20.0,80.0,StandardB20ms_10
EndVMApp 2
ConnectionVMApp 2
0,0,0,0,0,0,92,0,0,87,92
0,0,0,0,66,0,0,0,0,0,0
0,0,0,0,15,0,33,0,0,0,74
0,0,0,0,0,0,93,0,0,18,26
0,0,0,0,0,99,0,95,87,0,0
0,0,0,0,0,0,0,0,98,0,5
0,0,0,0,0,0,0,0,0,0,63
0,0,0,0,0,0,0,0,0,54,0
0,0,0,0,0,0,0,0,0,0,67
0,0,0,0,0,0,0,0,0,0,66
0,0,0,0,0,0,0,0,0,0,0
EndConnectionVMApp 2
Application 3
Normal
14
VMApp 3
2.0,4.0,StandardB2s_0
16.0,64.0,StandardB16ms_1
4.0,8.0,m4.large_2
20.0,80.0,StandardB20ms_3
20.0,80.0,StandardB20ms_4
2.0,4.0,StandardB2s_5
8.0,32.0,StandardB8ms_6
2.0,8.0,StandardB2ms_7
16.0,32.0,m4.2xlarge_8
4.0,8.0,m4.large_9
8.0,16.0,m4.xlarge_10
20.0,80.0,StandardB20ms_11
8.0,16.0,m4.xlarge_12
4.0,16.0,StandardB4ms_13
EndVMApp 3
ConnectionVMApp 3
0,0,83,0,0,0,0,4,0,0,77,5,98,0
0,0,0,0,0,0,54,15,60,0,0,0,45,0
0,0,0,0,0,0,84,0,0,84,0,0,0,0
0,0,0,0,2,0,0,0,72,0,0,0,21,65
0,0,0,0,0,2,0,0,0,92,65,91,0,24
0,0,0,0,0,0,17,15,0,65,0,16,0,15
0,0,0,0,0,0,0,0,0,70,0,0,0,0
0,0,0,0,0,0,0,0,0,49,0,0,0,0
0,0,0,0,0,0,0,0,0,0,0,0,0,86
0,0,0,0,0,0,0,0,0,0,0,49,0,0
0,0,0,0,0,0,0,0,0,0,0,72,0,0
0,0,0,0,0,0,0,0,0,0,0,0,79,0
0,0,0,0,0,0,0,0,0,0,0,0,0,28
0,0,0,0,0,0,0,0,0,0,0,0,0,0
EndConnectionVMApp 3
